<?xml version="1.0"?>
<opencv_storage>
<calibration_time>"Thu 01 May 2025 11:31:13 AM EDT"</calibration_time>
<nr_of_frames>100</nr_of_frames>
<image_width>1920</image_width>
<image_height>1200</image_height>
<board_width>5</board_width>
<board_height>7</board_height>
<square_size>30.</square_size>
<marker_size>15.</marker_size>
<fix_aspect_ratio>1.</fix_aspect_ratio>
<!-- flags: +fix_aspectRatio +fix_principal_point +zero_tangent_dist +fix_k4 +fix_k5 -->
<flags>6158</flags>
<fisheye_model>0</fisheye_model>
<camera_matrix type_id="opencv-matrix">
  <rows>3</rows>
  <cols>3</cols>
  <dt>d</dt>
  <data>
    7131.1160801946871 0. 959.5 0. 7131.1160801946871 599.5 0. 0. 1.</data></camera_matrix>
<distortion_coefficients type_id="opencv-matrix">
  <rows>5</rows>
  <cols>1</cols>
  <dt>d</dt>
  <data>
    -1.1067476893694959 297.22262254917138 0. 0. -17481.25170911126</data></distortion_coefficients>
<avg_reprojection_error>3.052855452774387</avg_reprojection_error>
<per_view_reprojection_errors type_id="opencv-matrix">
  <rows>100</rows>
  <cols>1</cols>
  <dt>f</dt>
  <data>
    3.36710882 3.33148932 3.27311158 3.24419808 3.20858765 3.18970394
    3.12207198 3.07718658 3.04357266 3.01443624 2.94384527 2.89211845
    2.83960247 2.78096485 2.75389791 2.70406175 2.6414628 2.63817906
    2.55130816 2.50915885 2.47332811 2.44284129 2.3939147 2.36561632
    2.33956194 2.32688451 2.30065036 2.27508664 2.2534709 2.23357606
    2.21332192 2.20571637 2.20263553 2.19825602 2.20521808 2.18962264
    2.18560553 2.18745804 2.19489956 2.19792724 2.19933701 2.21410489
    2.25022864 2.27539277 2.5681417 2.62014961 2.69921398 2.8190167
    2.88284278 2.9680233 3.02574849 3.08672261 3.15453339 3.23107886
    3.30031991 3.37166786 3.33358526 3.31662345 3.33728361 3.34776902
    3.35729933 3.35118651 3.37309623 3.33842611 3.35760951 3.35952663
    3.35553265 3.376683 3.36286974 3.4028585 3.44126225 3.40110278
    3.41776133 3.43626237 3.45413232 3.45639586 3.46645021 3.48491526
    3.48672581 3.51858854 3.51255441 3.5324223 3.57193375 3.59486318
    3.61385179 3.65333986 3.67485547 3.64777923 3.64496708 3.65747547
    3.60035658 3.56736231 3.50904799 3.47439003 3.43302965 3.39616823
    3.35156536 3.37237263 3.33851385 3.30861592</data></per_view_reprojection_errors>
<!-- a set of 6-tuples (rotation vector + translation vector) for each view -->
<extrinsic_parameters type_id="opencv-matrix">
  <rows>100</rows>
  <cols>6</cols>
  <dt>d</dt>
  <data>
    0.17539136471332112 -0.13498397550554617 -1.5696851430854952
    -35.582079054801333 45.950152573753257 1905.9468824458429
    0.1773711076280729 -0.13426509739088949 -1.5695576847392265
    -36.484121214656348 46.029646718463667 1904.9216860674951
    0.1771858284108343 -0.13252209913688581 -1.5696024857047084
    -37.506822611608477 46.176958168148488 1904.6048952685289
    0.17884883275138488 -0.1304134532800354 -1.5693634047147271
    -38.651473563408807 46.366857162787923 1903.7340730662454
    0.18065096222268415 -0.12654767970208916 -1.5694225170779905
    -39.946240411664739 46.574971037724438 1903.5184907706682
    0.1819628931668632 -0.12263014979021079 -1.5692868163711595
    -41.452729885297444 46.724505476965049 1903.4519318062219
    0.18414785335094003 -0.12020354261325868 -1.5693433675699355
    -43.117997563381863 46.924672439901279 1902.2452505464989
    0.18687288632969051 -0.11660491919474712 -1.5692365898819967
    -44.952775760790637 47.126314165795165 1901.6245364515601
    0.18824391120684023 -0.11256561993133504 -1.5692271757595679
    -46.9712493853471 47.291237359106738 1900.6273386170049
    0.18878851064100144 -0.11023689309580367 -1.5694981347852686
    -49.082894837631329 47.456587340630911 1899.1915411336649
    0.18842056342410504 -0.10758918135618532 -1.5698887987242038
    -51.288522530000769 47.654461652483135 1898.0438120491585
    0.19063704270394355 -0.1053910748873072 -1.5701530673296935
    -53.55151913822656 47.827922896435155 1896.1270945896067
    0.19081672883084208 -0.10156781207271588 -1.5705078273346684
    -55.920214827470794 47.966107147488586 1894.7266000942805
    0.19354972224430297 -0.099965585289493716 -1.5705077845272848
    -58.357318844682126 48.108079053630227 1892.3551599436887
    0.19347503188244447 -0.098133609552927895 -1.5708629542120676
    -60.916434266344702 48.275130473818216 1891.0311568101113
    0.1960972744487198 -0.095923731993797404 -1.5710501765321199
    -63.624772264480995 48.405887277705062 1889.597731266276
    0.1975076133218864 -0.094230319594661507 -1.5714157580886436
    -66.421250245744574 48.570200417106193 1887.8708348977077
    0.19663682163701932 -0.095165912372269248 -1.5720019391470375
    -69.177047371276089 48.763676875615865 1886.455006755471
    0.19620668334173613 -0.095520805154395205 -1.5724519011092348
    -71.88531403034068 48.963075405920648 1885.2750738505492
    0.19554617741887959 -0.096586167438915183 -1.5730005996710437
    -74.512272578842655 49.184791112273487 1884.1074870326179
    0.1932722264162782 -0.097829072409768833 -1.5734746317879715
    -77.081953858017016 49.392311213443641 1883.3914075158273
    0.19233472434425114 -0.098496498391399942 -1.5739459060454828
    -79.609057143286108 49.631427291768141 1882.890695642071
    0.1921173267690536 -0.098564153184253225 -1.574350605290415
    -82.108695857388511 49.839751886568237 1882.0860124611161
    0.19177698651099781 -0.10052535714954737 -1.5747458647533692
    -84.507649258423882 50.063267825765074 1881.2673357495241
    0.19075226637150289 -0.10178189385639233 -1.5751775041906326
    -86.872308155855976 50.285416874661351 1880.7882263106262
    0.19134903812123696 -0.10368492633793307 -1.5754372414563769
    -89.172477408467458 50.530298231394198 1879.7926907933929
    0.19102782739509028 -0.10547363150163483 -1.5756165052629485
    -91.504649087825314 50.744993179551642 1879.4042308088849
    0.19274742335340922 -0.10617153644432338 -1.5757952307584691
    -93.874461958685558 50.965505629058995 1878.9089860654833
    0.19434448786265573 -0.10752874510623428 -1.5759911239716169
    -96.269924129274614 51.168403375995709 1878.4820233382131
    0.19414759909214391 -0.11068672892026943 -1.5762041536319631
    -98.692970096128008 51.36677077682063 1877.937379960948
    0.19576785651893674 -0.11084875787284394 -1.5762157877379634
    -101.20173818075266 51.512700181225718 1877.9008584248843
    0.19401790069175265 -0.11413972665079121 -1.5765919682873031
    -103.7176565788258 51.663168903430247 1878.1620671827625
    0.19471242370039243 -0.11683729573392412 -1.5769929040619479
    -106.19328263870679 51.815378112540628 1878.2425983407652
    0.19491229377337377 -0.1210187369302488 -1.5773418091270963
    -108.56524022395089 51.956395941832405 1878.3236467406716
    0.19471790001046818 -0.12669851500736942 -1.5776456379435972
    -110.74340939981927 52.097500097701108 1878.298972545693
    0.19287496752358496 -0.13057001929553869 -1.5783552007636967
    -112.83995172619512 52.277090457959901 1878.8598972846369
    0.1933276024182797 -0.13193180536136345 -1.5786442180947251
    -114.90460805416888 52.407448511413357 1879.6191778839209
    0.194765089769556 -0.13601916133565506 -1.5788374207134717
    -116.91874590133143 52.546733595184847 1879.7636276889134
    0.19606451951163997 -0.13767777075016782 -1.5789983026434347
    -119.01930018224714 52.658866127564401 1880.8137103672859
    0.19794237174252718 -0.14047320296758456 -1.5790680499865319
    -121.17283856326601 52.747322774977491 1881.2225180389287
    0.20139380903213069 -0.14365638503095163 -1.5791494192098761
    -123.40068009726971 52.85856031928062 1881.3454238306606
    0.20512936144529767 -0.14513663735341276 -1.5791441838977236
    -125.84611425368836 52.991630663073067 1882.583728549379
    0.21008635969362849 -0.14880225192632102 -1.5789317550564557
    -128.41271926158444 53.123505819187216 1882.6144236869927
    0.21541858550794063 -0.1504089335335696 -1.57875645630096
