<?xml version="1.0"?>
<opencv_storage>
<calibration_time>"Wed 14 May 2025 11:29:26 AM EDT"</calibration_time>
<nr_of_frames>100</nr_of_frames>
<image_width>1920</image_width>
<image_height>1200</image_height>
<board_width>5</board_width>
<board_height>7</board_height>
<square_size>30.</square_size>
<marker_size>15.</marker_size>
<fix_aspect_ratio>1.</fix_aspect_ratio>
<!-- flags: +fix_aspectRatio +fix_principal_point +zero_tangent_dist +fix_k4 +fix_k5 -->
<flags>6158</flags>
<fisheye_model>0</fisheye_model>
<camera_matrix type_id="opencv-matrix">
  <rows>3</rows>
  <cols>3</cols>
  <dt>d</dt>
  <data>
    1332.8816210008049 0. 959.5 0. 1332.8816210008049 599.5 0. 0. 1.</data></camera_matrix>
<distortion_coefficients type_id="opencv-matrix">
  <rows>5</rows>
  <cols>1</cols>
  <dt>d</dt>
  <data>
    -0.42956194765402045 0.26223463895830856 0. 0. -0.10274554162999235</data></distortion_coefficients>
<avg_reprojection_error>1.3815338093157541</avg_reprojection_error>
<per_view_reprojection_errors type_id="opencv-matrix">
  <rows>100</rows>
  <cols>1</cols>
  <dt>f</dt>
  <data>
    0.989188135 1.06495678 1.18568468 1.21848917 1.24048126 1.24072254
    1.16301048 1.07115436 0.917661011 0.81834352 0.831975877 0.93860656
    1.05886674 1.29917741 1.46317697 1.56516731 1.50371695 1.5843482
    1.36213207 0.864993691 0.618920684 0.683104575 0.777228355
    0.883226156 1.04486585 1.26317537 1.49927592 1.78474343 2.01520562
    2.17262125 2.26376605 2.27556014 2.2016542 2.15312767 1.90408373
    1.57055581 1.2568121 1.02902436 0.913527071 0.923740149 0.978766739
    1.19150436 1.45942283 1.75821531 1.95182753 2.09803152 2.09569192
    2.0864718 1.89832938 1.65204215 1.41827822 1.21591496 1.15118134
    1.13861775 1.09099805 1.0723958 1.17967808 1.32014787 1.54670954
    1.90511894 1.99921894 2.01722479 2.00289941 1.95827019 1.87505829
    1.69178069 1.4567647 1.29466891 1.14388466 1.07655668 1.00639284
    0.990425944 1.04196095 1.14671361 1.19408441 1.23459136 1.18414891
    1.18482709 0.982683957 0.938848615 0.84949559 0.799079955
    0.763058364 0.720293105 0.710170865 0.753169179 0.783223331
    0.852850497 0.922255337 1.02991962 1.08846867 1.19494689 1.3616569
    1.44329369 1.50848114 1.54745591 1.44431853 1.11044037 1.06877804
    1.25123823</data></per_view_reprojection_errors>
<!-- a set of 6-tuples (rotation vector + translation vector) for each view -->
<extrinsic_parameters type_id="opencv-matrix">
  <rows>100</rows>
  <cols>6</cols>
  <dt>d</dt>
  <data>
    0.11337058123003182 -0.084403042677924645 -1.5805420866833861
    -102.42576287654609 50.95917339194034 146.97225807333834
    0.11161840359728911 -0.08244744250064559 -1.5805125827028541
    -102.04351526126923 51.013689189027282 147.46712124089834
    0.10942954720648242 -0.080297124112240853 -1.5804195997472947
    -101.59009420405147 51.077425262763761 148.00822132091861
    0.10666368717351382 -0.078504757886920989 -1.5803237987692313
    -101.06245820353409 51.147657013484157 148.55910620828274
    0.10391454529132854 -0.076176947373071471 -1.5802429013446886
    -100.49238539131285 51.17812936425198 149.10439019452281
    0.10091001835345327 -0.073507281031350485 -1.5801624648708348
    -99.912709066355063 51.173436559966269 149.65537985071668
    0.098618337460152861 -0.071117280707632957 -1.5797982710856255
    -99.330473801882931 51.098873025073516 150.15460884353314
    0.096249356069569539 -0.068968191669551038 -1.5794246476664036
    -98.793978967730808 50.976336468273878 150.61949359780294
    0.093892691697358269 -0.067285919201708663 -1.5791140414396239
    -98.357722083544346 50.861371240360185 150.99606084825015
    0.092698587322463721 -0.06560689068388563 -1.5787650854448922
    -98.04436918425796 50.780002319763462 151.31435590483665
    0.091823809564966233 -0.064601794066452764 -1.5785204705518217
    -97.77746222096161 50.718674470104524 151.56343934189221
    0.090602552367912523 -0.063386401040108994 -1.5785208179185495
    -97.469954087458561 50.746564321285526 151.85161456084833
    0.089259224376526058 -0.061763823023797237 -1.5785924778060458
    -97.040929103509868 50.792788086332315 152.20546248883312
    0.087157866204392767 -0.058603287289156952 -1.5789172223468213
    -96.44199633728779 50.832675474876652 152.71224356633957
    0.084216685587532092 -0.054799668853593581 -1.5791471888405817
    -95.65532796440732 50.828780285713762 153.28414525405995
    0.080344818427959347 -0.050924942677775545 -1.5791067411773028
    -94.761972784905623 50.805198562387147 153.83281273160478
    0.076852762554363088 -0.047013360403639154 -1.5790206939260683
    -93.866526015160062 50.769651885037611 154.38352776858466
    0.073350608974330433 -0.042717318513015412 -1.579015403826348
    -92.935601209990907 50.664634732836674 154.93469965241496
    0.070165045031313142 -0.038506115512374192 -1.5784325983941938
    -92.043433548940968 50.441142807592826 155.43623018316541
    0.068404917770112789 -0.036338587234532281 -1.5774183754713924
    -91.472110112979834 50.208888501623612 155.68627138795017
    0.067864979772420231 -0.036493271692668465 -1.5766847534821689
    -91.297212776602521 50.089513140629101 155.67654411153845
    0.068337430059795173 -0.03723451260145566 -1.5766563282206654
    -91.293752634331597 50.156695540544938 155.56282299249438
    0.068340527243913582 -0.037099332039097342 -1.5769718511906725
    -91.188972579699978 50.251088772827323 155.58385752289533
    0.067549921966271381 -0.036124826967767899 -1.5772175325640625
    -90.911924291462 50.309627937492962 155.7167681419084
    0.066129890490662896 -0.034695495962298824 -1.5774692998469098
    -90.46600241735068 50.356281445876085 155.90111468217242
    0.064082854987399879 -0.032276375908429432 -1.5775584767963597
    -89.869390618907858 50.39883591851433 156.20060665539825
    0.061078492773040401 -0.029566161540811851 -1.5776333439576162
    -89.092091145618156 50.46934585019477 156.53447853245788
    0.056618877337837679 -0.025872685105330289 -1.5777612755248174
    -88.1072017714244 50.579314187545329 157.00422518578426
    0.05210248864646936 -0.021364468808167593 -1.5777510695345121
    -86.919758152814595 50.666042980615494 157.60117736757468
    0.046814730904202149 -0.015720189181067906 -1.5776081480190176
    -85.541298486514165 50.707849648224993 158.27548400792099
    0.041185715358687904 -0.010064353778852963 -1.5772751960761411
    -84.083392931179034 50.750102086491275 158.96115301916655
    0.035678635019870363 -0.0043359989140847963 -1.5768406867835727
    -82.607212945673695 50.787047335538361 159.66517521398262
    0.029758160007530347 0.0013601749801530152 -1.5762820966899795
    -81.124207005853492 50.790163411495982 160.38028184268154
    0.023767193389977528 0.006529951481102577 -1.575728993246885
    -79.663271649375247 50.758986375201374 161.05537650138712
    0.018049028984433169 0.011211818643908607 -1.5748531919536399
    -78.323855042443952 50.679902164322591 161.6022902422132
    0.013938594757214037 0.015306396996793412 -1.5738894131916021
    -77.214124194191029 50.589897440833916 162.01854876995989
    0.010670241684433791 0.017757614365547368 -1.573079073104813
    -76.355117165468641 50.530615386290322 162.24554761451907
    0.0089273571958603838 0.019349690309435178 -1.5722744119454628
    -75.735332667146665 50.5049533428815 162.32759335823351
    0.0078278984513811597 0.020333296975401233 -1.57173050643084
    -75.268280531752168 50.508399173430703 162.34774112620403
    0.0067855955673796087 0.021701906193587417 -1.5715330289001694
    -74.861514054895821 50.533924288637095 162.4000039017651
    0.005403563511263941 0.02308276711659538 -1.5714702939420704
    -74.42443661057969 50.573784299242639 162.44675892868665
    0.0036199219463873911 0.025342033943531576 -1.5715950849940572
    -73.825940940855887 50.635346184054541 162.59167027489048
    0.0012514998817867813 0.028998776730339033 -1.5718303124482833
